1057
1093
1120
1120
1091
1082
1085
1073
1092
1100
1110
1150
1171
1192
1199
1235
1225
1199
1201
1200
1212
1234
1280
1289
1348
1354
1329
1277
1232
1234
1229
1200
1170
1158
1177
1225
1297
1354
1416
1435
1410
1366
1364
1368
1352
1359
1357
1369
1404
1439
1451
1460
1425
1399
1388
1373
1335
1293
1268
1275
1306
1351
1344
1326
1286
1261
1202
1156
1128
1105
1107
1090
1104
1121
1169
1208
1232
1234
1207
1197
1183
1142
1079
1062
1055
1090
1120
1129
1134
1174
1226
1260
1286
1326
1385
1433
1463
1494
1487
1458
1431
1367
1302
1282
1310
1376
1432
1461
1487
1506
1568
1601
1637
1653
1673
1708
1699
1695
1738
1789
