212.748263384992
239.634254472519
242.750596993223
239.320648497003
233.850158048343
207.358414878065
198.269263233299
178.223782978129
157.077827223419
169.9704319088
194.540634543237
216.534089547482
243.050718566738
256.467137617417
268.609103267248
248.775680771489
236.382803589123
207.053644827151
187.399221080734
167.607225559606
151.840716672224
146.340095306207
177.780148416542
216.196982761323
226.610835201435
257.476388064493
253.664987660178
247.885010020274
222.653486018959
182.444184465818
153.859522123441
134.813608167157
113.279329793572
106.324475354461
154.904662111138
188.377451008737
210.558927495594
233.484434984654
246.620793574922
237.712544111729
225.239753340058
196.544207551524
183.845462268846
183.658771039531
174.162761176122
169.467488022112
193.759418519085
199.826906140007
224.605402070495
237.852433192915
271.399814650776
274.462247104921
229.78875974904
195.601998782866
172.494209465441
160.564956070931
133.647057686581
162.923774391096
201.364366638844
223.650726177582
