501.7
500.48
501.03
500.76
500.73
501.16
500.77
502.26
501.02
503.01
502.56
501.04
501.35
500.53
499.98
500.16
501.92
500.28
500.77
499.67
499.51
500.77
500.88
499.9
501.02
500.12
501.19
499.05
501.48
498.37
501.28
500.33
499.71
498.75
500.58
502.68
500.71
501.16
500.3
500.88
498.87
500.97
500.25
500.49
499.82
501.38
501.34
501.34
500.99
502.08
500.18
499.37
498.51
499.44
500.03
499.46
499.3
496.9
497.82
497.47
497.43
498.82
498.81
499.23
499.7
501.52
500.04
498.74
498.28
499.11
498.57
500.08
499.26
500.69
498.86
500.59
499.01
499.96
499.8
499.05
500
499.37
500.86
498.85
500.88
499.19
501.33
498.05
499.83
499.53
499.65
499.8
499.53
500.25
498.52
499.83
501.08
500.91
501.47
500.48
