Losses
33.04
405.96
18.74
208.86
141.96
341.84
377.03
460.41
238.18
2322.07
89.42
146.9
529.32
140.48
676.45
295.16
71.3
280.04
680.74
215.03
246.96
81.85
1040.6
347.98
5.79
451.03
291.18
408.33
659.35
369.73
275.01
360.3
56.87
144.2
422.47
16.74
198.25
131.22
16.62
117.41
87.22
852.3
62.66
165.61
248.61
4.47
34.81
494.81
689.56
622.62
116.51
106.06
969.46
356.25
76.25
373.13
93.99
1028.16
52.29
12.66
153.58
180.21
7.14
151.45
174.46
1508.73
344.92
278.89
639.3
131.2
2122.06
66.97
644.72
760.22
223.46
22.31
11.22
1503.03
1861.36
359.2
81.94
307.58
318.01
525.68
206.23
11.38
54.17
224.7
159.53
160.07
98.87
42.69
498.65
389.34
957.01
3079.05
538.15
381.25
1058.15
1317.33
25.93
414.07
468.92
1169.31
1095.23
241.99
437.26
335.79
111.76
300.23
116.94
130.76
599.46
430
108.35
1612.29
134.59
194.36
170.15
50.18
210.78
135.8
1387.86
162.55
56.89
882.84
1462.75
486.91
212.46
631.09
98.83
119.62
5.04
1743.72
90.95
3654.49
1272.1
714.11
466.47
227.27
82.2
241.72
1559.77
639.85
35.29
32.61
87.95
423.63
78.84
429.48
112.65
516.45
235.86
498.22
324.43
332.88
137.23
41.23
24.93
1021.53
170.8
511.06
47.82
302.73
376.48
628.94
456.53
6.44
1282.04
567.15
161.1
513.33
237.02
375.65
330.58
71.55
358.5
2562.66
2636.08
163.73
1257.45
1960.19
723.68
73.7
1970.33
71.53
2224.01
269.84
385.08
503.55
789.9
326.44
176.66
7.29
79.33
222.33
120.79
175.11
840.67
115.3
56.44
214.15
37.22
286.14
92.36
268.2
775.78
149.51
976.02
183.59
177.8
188.79
559.54
80.64
148.68
1204.39
506.13
697.22
42.27
300.34
49.55
39.74
92.3
66.8
78.48
53.38
408.87
16.06
371.25
1643.77
2070.49
197.55
293.24
689.04
748.94
601.25
80.88
721.39
24.74
27.44
239.73
98.68
60.62
1365.55
33.85
31.71
90.8
6148.84
2474.87
44.97
628.46
416.22
164
209.19
214.64
45.41
618.46
85.35
231.03
382.6
176.89
49.99
275.38
275.96
443.91
83.54
414.27
419.67
1706.7
129.53
2740.87
784.17
51.27
116.62
207.15
120.17
326.9
126.16
75.52
121.8
1364.96
86.68
47.58
742.78
187.41
408.99
19.49
513.23
7.14
145.33
92.25
114.74
89.09
4.49
716.92
260.95
687.37
73.32
437.46
93.3
58.25
11.96
136.21
4.45
39.82
1414.12
132.36
53.61
102.01
13.92
59.42
119.95
917.5
280.02
512.57
275.47
521.91
1320.54
33.31
746.22
1907.89
171.91
105.42
95.55
218.91
333.33
15.01
42.36
268.53
215.12
72.94
662.22
132.62
574
256.99
1376.71
585.22
704.6
429.19
177.67
759.76
151.7
387.29
75.3
2.79
258.05
244.34
8.16
56.74
88.94
63.74
209.86
142.01
465.22
54.51
40.34
319.65
223.85
885.51
45.02
128.84
405.87
69.37
169.65
426.01
278.52
1069.5
73.69
151.25
153.06
46.92
93.28
220.71
527.96
389.36
5.68
241.82
447.34
191.56
98.71
401.39
312.13
26.24
50.32
132.43
546.89
886.29
176.32
121.32
53.8
128.15
360.99
619.59
204.29
288.82
22.05
476.65
49.02
1052.4
257.06
257.01
545.8
719.82
223.61
1932.65
2.81
164.54
507.57
29.81
189.97
10.25
623.1
245.7
970.16
1851.8
44.07
132.85
98.25
994.45
12.92
28.03
48.85
192.42
27.75
441.96
230.15
283.06
87.8
986.54
273.35
290.15
262.73
257.09
370.69
1107.78
1759.19
138.58
606.9
142.42
36.79
500.98
730.97
8.14
246.24
667.37
197.69
1604.21
26.79
864.65
388.4
18.99
186.71
1280.68
34.5
518.1
904.22
20.83
446.32
2370.18
67.17
331.98
330.91
732.19
1081.42
251.15
36.1
404.45
167.2
89.77
1773.07
119.79
88.72
245.5
556.98
1528.57
185.16
405.85
97.83
16.44
878.58
180.44
108.24
2531.65
12.5
39.99
73.33
83.69
1096.66
78.44
444.78
270.27
154.41
43.13
76.06
2.93
259.59
825.97
273.28
252.88
207.58
79.18
38.23
28.18
23.58
277.16
618.87
461.41
290.23
21.1
40.14
75.62
198.95
2029.82
359.99
242.71
526.09
47.69
585.77
154.76
293.53
188.19
1223.18
21.01
9.73
2220.07
49.89
38.2
738.56
543.89
255.54
133.05
299.1
362.03
133.71
37.56
116.84
188.26
541.85
105.63
142.75
279.88
131.92
130.01
178.83
39.08
944.32
144.26
1712.82
139.11
1589.32
586.26
55.49
20.27
451.67
20.08
33.03
683.72
253.38
144.46
385.91
2099.55
181.86
53.5
792.01
331
884.61
1401.45
187.63
13.27
186.11
388.6
138.83
857.99
418.1
501.87
675.93
1318.14
350.18
102.55
852.57
526.53
200.09
198.95
661.46
491.95
143
153.81
163.25
1973.23
120.03
348.12
278.59
12.73
15.98
824.16
254.21
40.06
28.93
97.69
1049.22
65.6
197.23
287.78
294.53
335.01
352.33
136.31
632.72
1.26
244.63
152.87
16
129.45
293.29
1658.43
1352.13
315.33
261.93
84.38
452.18
1278.82
45.2
12.86
306.98
239.17
198.08
369.02
917.94
575.52
90.68
78.34
107.21
169.38
1741.63
303.48
5.62
286.47
551.6
120.26
69.24
288.29
778.69
49.46
11.92
186.49
7
169.75
815.76
193.59
2.69
239.28
31.23
2594.59
158.47
15.18
352.65
191.12
801.2
48.14
208.55
994.7
129.27
545.75
275.12
208.57
217.97
110.09
389.04
137.86
1303.64
111.94
441.14
952.98
1750.69
294.58
268.97
2065.91
936.43
153
327.49
184.81
285.39
104
590.34
679.39
176.46
120.23
273.94
137.16
804.46
347.76
451.96
207.71
49.35
382.65
437.92
961.48
2099.89
552.63
231.93
3.8
124.54
16.01
107.07
719.86
20.63
445.63
309.76
237.55
323.08
180.07
74.68
93.45
179.41
452.38
100.54
114.81
120.78
28.44
190.88
223.72
178.24
115.35
6.11
123.07
456.15
68.05
189.82
80.26
1615.25
444.84
54.97
70.89
7.16
533.16
79.8
143.02
712.14
77.9
153.99
63.68
85.79
148.2
381.62
442.77
942.68
1029.35
118
1240.58
166.46
1012.57
110.32
510.5
306.61
305.53
3.78
959.84
63.25
14.77
889.14
164.82
70.34
1017.82
338.25
9.95
2512.29
214.28
372.81
34.07
158.07
364.46
552.1
188.97
73.23
749.67
464.45
1105.33
9.4
1188.75
106.15
287.52
511.92
121.68
262.22
54.41
1901.01
67.59
115.62
278.62
1081.72
26.24
7.4
346.85
126.03
367.48
38.1
209.27
89.41
24.37
4223.93
465.84
202.5
587.56
52.44
56.19
274.8
335.12
28.5
230.87
808.91
174.16
1204.92
91.84
915.14
120.14
169.77
354.65
367.77
1.11
2339.35
1334.7
52.74
427.04
428.33
305.57
254.91
1105.52
66.8
3.34
77.57
199.03
203.02
188.06
201.51
220.2
19.17
1.09
306.33
559.39
67.93
66.16
3.91
99.41
500.1
34.01
226.8
58.55
197.7
473
386.61
106.34
53.99
242.21
1238.16
73.74
115.87
1220.5
1080.19
1215.09
58.94
1155.12
1224.78
325.75
738.74
514.46
426.53
715.26
85.91
16.16
11.39
155.55
50.1
760.53
43.6
35.96
37.18
884.93
88.44
66.38
240.19
232.6
357.68
379.92
47.57
122.88
142.57
154.89
330.44
366.69
1648.77
892.82
86.57
30.01
2214.99
21.96
17.98
80.54
1270.03
148.75
134.46
128.37
164.86
497.2
417.42
159.83
73.07
68.92
6063.61
424.43
13.37
32.08
472.26
259.93
438.3
124.38
444.1
147.25
2409.32
143.88
608.95
1656.51
98.63
94.25
5.61
174.65
1.32
993.6
93.27
354.48
383.34
606.03
497.58
1177.59
773.35
193.64
3.5
123.34
55.31
253.11
159.84
1105.61
218.92
395.87
311.32
389.98
720.28
107.2
1676.88
638.13
618.84
460.61
837.45
81.35
108.79
464.57
553.3
120.2
307.56
296.11
1880.51
117.52
2065.81
235.41
147.46
1052.2
277.96
1024.19
330.52
85.67
791.8
222.96
1309.75
304.51
1783.83
316.61
1638.36
232.25
170.71
331.05
64.11
167.52
485.1
233.06
172.23
169.13
148.5
564.91
15.22
637.17
232.84
1050.85
431.98
1766.11
246.02
61.57
287.12
1180.3
1663.72
425.16
225.69
