0	
0	
0	
0	
0	
0	
0	
0	
0	
0	
0	
6055	
0	
0	
0	
0	
0	
0	
0	
0	
0	
0	
0	
0	
0	
0	
0	
0	
1601	
0	
0	
2580	
6633	
0	
0	
0	
0	
0	
0	
0	
0	
0	
0	
0	
0	
0	
0	
0	
0	
0	
0	
0	
0	
2330	
0	
0	
6605	
0	
0	
0	
11508	
0	
0	
0	
0	
0	
0	
0	
0	
8796	
88	
0	
0	
0	
0	
0	
0	
0	
0	
0	
0	
0	
0	
0	
0	
0	
0	
0	
0	
0	
0	
0	
0	
0	
3644	
0	
374	
0	
0	
0	
0	
0	
21192	
0	
0	
0	
0	
0	
0	
0	
0	
0	
19797	
1062	
0	
0	
0	
9574	
0	
0	
1185	
0	
0	
0	
19217	
0	
4741	
0	
0	
0	
0	
0	
0	
30281	
17149	
0	
0	
0	
0	
0	
0	
0	
0	
0	
0	
0	
0	
0	
0	
0	
0	
0	
0	
0	
0	
0	
0	
2613	
0	
0	
5361	
3284	
0	
0	
0	
0	
0	
0	
0	
0	
0	
0	
0	
0	
8288	
0	
0	
0	
0	
0	
0	
0	
0	
2390	
8228	
0	
0	
12969	
0	
0	
0	
0	
34268	
0	
0	
360	
5152	
0	
0	
0	
0	
0	
0	
0	
0	
696	
5423	
0	
0	
0	
0	
0	
0	
0	
0	
23422	
1561	
0	
0	
1532	
0	
0	
0	
0	
0	
0	
0	
0	
0	
16595	
0	
0	
25044	
0	
0	
0	
0	
0	
0	
0	
0	
0	
0	
0	
0	
6991	
0	
0	
0	
0	
0	
0	
0	
0	
0	
0	
3565	
0	
2337	
0	
0	
0	
0	
283	
7302	
0	
0	
3041	
0	
0	
0	
0	
1200	
2609	
0	
0	
300	
0	
3633	
0	
0	
0	
3215	
0	
0	
0	
0	
0	
0	
0	
18755	
178	
0	
0	
0	
0	
0	
0	
0	
0	
0	
0	
9166	
0	
0	
0	
0	
0	
0	
7427	
0	
0	
0	
10051	
0	
0	
35010	
3331	
1801	
0	
532	
0	
0	
0	
0	
7664	
0	
36232	
0	
2806	
0	
0	
0	
0	
8680	
0	
0	
0	
1636	
0	
0	
6722	
8212	
0	
0	
0	
0	
0	
740	
5470	
0	
0	
0	
0	
0	
0	
14008	
0	
0	
0	
0	
0	
0	
0	
0	
0	
0	
0	
0	
5080	
0	
0	
0	
0	
4143	
0	
0	
2449	
0	
0	
0	
0	
0	
0	
0	
0	
0	
0	
0	
0	
8952	
0	
0	
6252	
0	
0	
4809	
0	
0	
0	
0	
0	
0	
0	
0	
0	
4516	
0	
0	
0	
0	
0	
0	
0	
0	
2602	
0	
0	
0	
0	
0	
0	
0	
0	
0	
0	
0	
0	
0	
6025	
0	
0	
0	
0	
0	
0	
0	
0	
0	
0	
0	
0	
0	
0	
0	
10709	
0	
0	
0	
0	
0	
4184	
0	
0	
0	
0	
0	
0	
0	
0	
0	
18676	
712	
0	
0	
7834	
0	
0	
0	
0	
0	
0	
0	
9652	
0	
0	
0	
0	
0	
0	
0	
0	
0	
0	
0	
8638	
6809	
12014	
0	
0	
0	
0	
0	
0	
11520	
0	
6975	
0	
0	
0	
19293	
0	
407	
0	
0	
0	
0	
0	
0	
3778	
0	
0	
0	
0	
0	
8379	
0	
0	
0	
0	
0	
0	
0	
1533	
0	
0	
0	
0	
0	
0	
0	
0	
0	
0	
74	
0	
0	
0	
0	
0	
0	
0	
0	
0	
0	
0	
9188	
0	
0	
0	
0	
0	
0	
0	
0	
0	
0	
5854	
34410	
0	
0	
0	
0	
1811	
0	
0	
0	
0	
0	
0	
0	
2157	
0	
0	
0	
0	
0	
0	
4334	
7907	
3342	
0	
0	
0	
0	
0	
0	
0	
0	
0	
3080	
0	
0	
0	
0	
0	
0	
0	
0	
0	
0	
3422	
0	
0	
0	
0	
1308	
0	
0	
0	
0	
0	
10840	
0	
0	
0	
4821	
0	
0	
0	
0	
0	
0	
0	
0	
0	
0	
0	
0	
0	
0	
3467	
0	
4723	
0	
0	
0	
0	
0	
0	
0	
5128	
0	
0	
0	
82	
0	
0	
0	
1693	
0	
0	
0	
7575	
0	
0	
0	
0	
0	
0	
0	
0	
0	
0	
0	
869	
0	
4150	
0	
0	
0	
0	
0	
4557	
521	
0	
0	
0	
0	
5230	
0	
0	
0	
0	
0	
0	
0	
0	
0	
0	
0	
0	
0	
10854	
0	
0	
0	
0	
0	
0	
0	
0	
0	
0	
0	
0	
0	
3108	
0	
3979	
0	
0	
0	
0	
10155	
4089	
17009	
0	
0	
4613	
0	
0	
0	
0	
11597	
0	
0	
0	
0	
11324	
0	
0	
1536	
0	
0	
0	
0	
8519	
0	
0	
0	
0	
5984	
0	
0	
0	
2651	
0	
0	
0	
0	
0	
4368	
0	
0	
0	
0	
20365	
0	
0	
0	
0	
0	
3332	
0	
0	
0	
0	
0	
0	
0	
0	
0	
0	
0	
0	
0	
0	
395	
0	
0	
0	
0	
0	
0	
0	
0	
0	
0	
16404	
0	
0	
901	
0	
0	
0	
10007	
0	
0	
10542	
0	
0	
0	
0	
0	
0	
4004	
35590	
0	
0	
0	
0	
0	
0	
600	
0	
0	
0	
0	
0	
0	
0	
0	
0	
0	
9737	
0	
8394	
0	
0	
0	
0	
0	
0	
0	
1176	
0	
11537	
0	
0	
0	
0	
4772	
2970	
0	
0	
0	
0	
0	
0	
0	
0	
0	
0	
0	
22417	
0	
0	
0	
0	
0	
0	
3036	
9911	
0	
0	
14827	
0	
0	
0	
0	
1078	
14628	
3424	
0	
0	
0	
0	
9568	
0	
0	
0	
0	
0	
0	
7177	
0	
1666	
3735	
0	
6014	
0	
0	
0	
0	
0	
0	
0	
0	
464	
0	
0	
0	
0	
7023	
0	
0	
0	
0	
0	
0	
0	
0	
0	
0	
4925	
0	
0	
0	
0	
5069	
0	
0	
0	
0	
0	
0	
0	
0	
0	
0	
0	
0	
799	
0	
0	
0	
0	
0	
0	
0	
0	
0	
2042	
0	
0	
19031	
0	
0	
0	
0	
0	
0	
0	
0	
0	
0	
0	
0	
0	
0	
0	
0	
0	
0	
0	
4738	
16972	
0	
3319	
9307	
0	
0	
2533	
0	
0	
0	
0	
0	
10499	
0	
0	
0	
0	
0	
0	
10708	
1555	
0	
3772	
0	
1884	
0	
0	
0	
0	
0	
0	
0	
11116	
0	
0	
14935	
0	
0	
0	
0	
0	
2559	
0	
0	
0	
0	
0	
0	
0	
7814	
0	
0	
0	
2351	
0	
0	
0	
0	
0	
0	
0	
0	
7956	
5751	
0	
0	
0	
0	
9399	
0	
0	
0	
0	
0	
0	
0	
0	
0	
0	
0	
0	
0	
0	
0	
0	
0	
0	
0	
0	
0	
0	
0	
0	
0	
0	
0	
0	
20387	
0	
0	
18063	
0	
0	
12494	
0	
0	
438	
0	
0	
0	
0	
0	
0	
0	
0	
0	
6460	
798	
0	
0	
0	
0	
0	
0	
4090	
1703	
0	
0	
0	
14636	
0	
0	
10605	
0	
9853	
0	
5696	
0	
7817	
14347	
0	
0	
0	
40200	
0	
0	
0	
0	
0	
2867	
11437	
0	
0	
0	
0	
6023	
0	
0	
6788	
0	
0	
0	
0	
0	
0	
0	
0	
1279	
0	
0	
0	
0	
0	
0	
0	
21247	
29560	
0	
0	
0	
0	
7243	
0	
0	
0	
0	
0	
0	
0	
0	
0	
0	
0	
282	
0	
0	
0	
0	
0	
0	
0	
19824	
0	
0	
0	
0	
0	
15273	
0	
0	
0	
0	
0	
0	
0	
0	
0	
0	
0	
1154	
0	
0	
0	
0	
0	
0	
0	
0	
9977	
0	
1213	
0	
3028	
0	
0	
3030	
4595	
0	
0	
0	
0	
0	
0	
0	
0	
0	
0	
0	
0	
0	
0	
5237	
0	
8747	
0	
0	
0	
0	
0	
0	
0	
0	
0	
0	
0	
0	
0	
0	
0	
16397	
6044	
0	
0	
0	
0	
0	
0	
0	
0	
0	
0	
0	
0	
0	
0	
14232	
0	
4523	
0	
0	
0	
0	
0	
0	
1364	
0	
177	
0	
0	
0	
0	
0	
0	
0	
0	
0	
0	
0	
5529	
0	
0	
0	
10820	
0	
0	
0	
0	
0	
1013	
0	
13512	
0	
0	
0	
0	
9807	
0	
15979	
18143	
0	
0	
0	
0	
4074	
4983	
0	
0	
0	
0	
1829	
0	
0	
0	
0	
0	
0	
0	
0	
6197	
0	
0	
0	
0	
0	
0	
0	
0	
0	
0	
2111	
1803	
0	
0	
2726	
0	
22912	
0	
262	
0	
0	
0	
0	
0	
428	
0	
12614	
16459	
0	
0	
0	
0	
0	
0	
0	
0	
0	
0	
2853	
0	
957	
0	
0	
9153	
0	
0	
0	
0	
398	
0	
0	
0	
0	
0	
207	
0	
0	
0	
0	
0	
0	
0	
0	
2138	
0	
0	
0	
15155	
2854	
0	
0	
0	
0	
0	
0	
0	
9002	
0	
0	
0	
0	
0	
0	
0	
0	
0	
0	
0	
6931	
0	
0	
0	
0	
2694	
5005	
0	
0	
0	
0	
10067	
0	
0	
4677	
0	
11101	
8888	
0	
11028	
0	
3386	
9231	
0	
0	
0	
0	
16520	
0	
0	
0	
1540	
0	
0	
0	
0	
0	
0	
0	
0	
2629	
0	
0	
663	
0	
0	
2524	
10791	
3912	
0	
0	
0	
0	
0	
0	
0	
0	
0	
13112	
0	
3983	
0	
0	
0	
0	
0	
0	
0	
0	
0	
0	
0	
0	
0	
0	
0	
0	
0	
0	
5928	
0	
784	
0	
10165	
0	
0	
0	
0	
0	
0	
6218	
0	
0	
2094	
0	
0	
0	
0	
0	
0	
0	
0	
8541	
0	
0	
0	
0	
0	
0	
8626	
7455	
0	
0	
0	
0	
0	
0	
0	
0	
0	
0	
0	
0	
0	
0	
0	
0	
0	
0	
0	
0	
0	
0	
0	
0	
0	
6316	
1851	
0	
573	
8120	
0	
0	
11269	
0	
0	
0	
0	
0	
0	
0	
0	
0	
0	
0	
0	
2621	
0	
2737	
0	
0	
0	
0	
0	
0	
0	
0	
0	
5209	
0	
0	
0	
0	
0	
0	
17719	
0	
0	
0	
0	
0	
0	
0	
0	
0	
0	
0	
21054	
0	
0	
0	
0	
0	
0	
0	
0	
0	
933	
0	
0	
0	
0	
0	
0	
0	
0	
0	
0	
0	
0	
0	
225	
0	
0	
2063	
0	
9647	
0	
7086	
0	
0	
0	
9079	
0	
0	
0	
0	
5494	
0	
0	
0	
0	
0	
13311	
0	
18776	
615	
0	
0	
0	
0	
444	
0	
0	
0	
0	
0	
0	
4995	
0	
0	
0	
0	
0	
0	
9430	
0	
14023	
0	
0	
0	
0	
4860	
0	
0	
0	
2170	
0	
0	
0	
0	
0	
0	
10170	
0	
0	
0	
0	
0	
0	
0	
425	
0	
0	
0	
0	
0	
8626	
0	
0	
0	
0	
1841	
0	
0	
0	
0	
0	
0	
0	
0	
13987	
0	
0	
0	
14046	
3804	
0	
5409	
9292	
0	
0	
0	
0	
6601	
0	
0	
0	
0	
0	
0	
7327	
0	
619	
0	
0	
0	
0	
4420	
0	
0	
0	
2642	
0	
0	
0	
0	
0	
0	
0	
11130	
0	
0	
0	
0	
0	
0	
0	
0	
0	
0	
0	
0	
0	
0	
0	
0	
2210	
13289	
12922	
14679	
0	
0	
1458	
0	
0	
7073	
0	
0	
0	
0	
12802	
0	
0	
0	
7032	
5232	
12392	
0	
0	
0	
0	
0	
0	
0	
0	
0	
0	
0	
0	
0	
0	
0	
0	
1447	
0	
0	
0	
0	
0	
0	
1626	
0	
2815	
0	
0	
0	
5599	
0	
0	
0	
2221	
0	
0	
3728	
0	
0	
0	
0	
0	
0	
0	
0	
0	
0	
0	
6700	
0	
0	
27077	
0	
0	
0	
6961	
0	
0	
0	
0	
0	
0	
0	
0	
5109	
0	
0	
0	
0	
11807	
0	
0	
0	
0	
0	
0	
0	
1700	
0	
0	
0	
6219	
8536	
0	
16704	
0	
0	
0	
9652	
0	
0	
0	
0	
0	
469	
11504	
0	
9421	
0	
0	
0	
0	
0	
823	
2516	
0	
0	
0	
0	
0	
0	
0	
0	
0	
2726	
0	
0	
1567	
33029	
0	
4401	
15770	
0	
0	
0	
0	
0	
0	
0	
0	
0	
0	
0	
0	
0	
0	
0	
0	
0	
0	
0	
0	
0	
0	
8231	
0	
0	
0	
0	
0	
0	
0	
0	
0	
0	
0	
0	
0	
0	
0	
0	
457	
0	
0	
0	
8483	
0	
0	
0	
0	
0	
0	
0	
0	
0	
0	
0	
5782	
0	
4629	
0	
0	
0	
0	
0	
2160	
0	
0	
0	
11637	
1671	
0	
0	
0	
0	
1749	
148	
0	
0	
0	
0	
0	
0	
0	
0	
0	
0	
0	
0	
0	
0	
0	
0	
0	
0	
0	
0	
0	
